# ACTS Test Suite Generation: Thu May 11 19:52:10 EDT 2017
#  '*' represents don't care value 
# Degree of interaction coverage: 4
# Number of parameters: 4
# Maximum number of values per parameter: 9
# Number of configurations: 3024
server.max-keep-alive-idle@/home/xha225/PlayGround/TestSubjects/lighttpd-1.4.45.T2/SETUP/conf/lighttpd.conf,connection.kbytes-per-second@/home/xha225/PlayGround/TestSubjects/lighttpd-1.4.45.T2/SETUP/conf/lighttpd.conf,server.max-read-idle@/home/xha225/PlayGround/TestSubjects/lighttpd-1.4.45.T2/SETUP/conf/lighttpd.conf,server.listen-backlog@/home/xha225/PlayGround/TestSubjects/lighttpd-1.4.45.T2/SETUP/conf/lighttpd.conf
5,16,10,128
7,16,10,128
9,16,10,128
11,16,10,128
13,16,10,128
15,16,10,128
5,23,10,128
7,23,10,128
9,23,10,128
11,23,10,128
13,23,10,128
15,23,10,128
5,30,10,128
7,30,10,128
9,30,10,128
11,30,10,128
13,30,10,128
15,30,10,128
5,37,10,128
7,37,10,128
9,37,10,128
11,37,10,128
13,37,10,128
15,37,10,128
5,44,10,128
7,44,10,128
9,44,10,128
11,44,10,128
13,44,10,128
15,44,10,128
5,51,10,128
7,51,10,128
9,51,10,128
11,51,10,128
13,51,10,128
15,51,10,128
5,58,10,128
7,58,10,128
9,58,10,128
11,58,10,128
13,58,10,128
15,58,10,128
5,16,10,180
7,16,10,180
9,16,10,180
11,16,10,180
13,16,10,180
15,16,10,180
5,23,10,180
7,23,10,180
9,23,10,180
11,23,10,180
13,23,10,180
15,23,10,180
5,30,10,180
7,30,10,180
9,30,10,180
11,30,10,180
13,30,10,180
15,30,10,180
5,37,10,180
7,37,10,180
9,37,10,180
11,37,10,180
13,37,10,180
15,37,10,180
5,44,10,180
7,44,10,180
9,44,10,180
11,44,10,180
13,44,10,180
15,44,10,180
5,51,10,180
7,51,10,180
9,51,10,180
11,51,10,180
13,51,10,180
15,51,10,180
5,58,10,180
7,58,10,180
9,58,10,180
11,58,10,180
13,58,10,180
15,58,10,180
5,16,10,232
7,16,10,232
9,16,10,232
11,16,10,232
13,16,10,232
15,16,10,232
5,23,10,232
7,23,10,232
9,23,10,232
11,23,10,232
13,23,10,232
15,23,10,232
5,30,10,232
7,30,10,232
9,30,10,232
11,30,10,232
13,30,10,232
15,30,10,232
5,37,10,232
7,37,10,232
9,37,10,232
11,37,10,232
13,37,10,232
15,37,10,232
5,44,10,232
7,44,10,232
9,44,10,232
11,44,10,232
13,44,10,232
15,44,10,232
5,51,10,232
7,51,10,232
9,51,10,232
11,51,10,232
13,51,10,232
15,51,10,232
5,58,10,232
7,58,10,232
9,58,10,232
11,58,10,232
13,58,10,232
15,58,10,232
5,16,10,284
7,16,10,284
9,16,10,284
11,16,10,284
13,16,10,284
15,16,10,284
5,23,10,284
7,23,10,284
9,23,10,284
11,23,10,284
13,23,10,284
15,23,10,284
5,30,10,284
7,30,10,284
9,30,10,284
11,30,10,284
13,30,10,284
15,30,10,284
5,37,10,284
7,37,10,284
9,37,10,284
11,37,10,284
13,37,10,284
15,37,10,284
5,44,10,284
7,44,10,284
9,44,10,284
11,44,10,284
13,44,10,284
15,44,10,284
5,51,10,284
7,51,10,284
9,51,10,284
11,51,10,284
13,51,10,284
15,51,10,284
5,58,10,284
7,58,10,284
9,58,10,284
11,58,10,284
13,58,10,284
15,58,10,284
5,16,10,336
7,16,10,336
9,16,10,336
11,16,10,336
13,16,10,336
15,16,10,336
5,23,10,336
7,23,10,336
9,23,10,336
11,23,10,336
13,23,10,336
15,23,10,336
5,30,10,336
7,30,10,336
9,30,10,336
11,30,10,336
13,30,10,336
15,30,10,336
5,37,10,336
7,37,10,336
9,37,10,336
11,37,10,336
13,37,10,336
15,37,10,336
5,44,10,336
7,44,10,336
9,44,10,336
11,44,10,336
13,44,10,336
15,44,10,336
5,51,10,336
7,51,10,336
9,51,10,336
11,51,10,336
13,51,10,336
15,51,10,336
5,58,10,336
7,58,10,336
9,58,10,336
11,58,10,336
13,58,10,336
15,58,10,336
5,16,10,388
7,16,10,388
9,16,10,388
11,16,10,388
13,16,10,388
15,16,10,388
5,23,10,388
7,23,10,388
9,23,10,388
11,23,10,388
13,23,10,388
15,23,10,388
5,30,10,388
7,30,10,388
9,30,10,388
11,30,10,388
13,30,10,388
15,30,10,388
5,37,10,388
7,37,10,388
9,37,10,388
11,37,10,388
13,37,10,388
15,37,10,388
5,44,10,388
7,44,10,388
9,44,10,388
11,44,10,388
13,44,10,388
15,44,10,388
5,51,10,388
7,51,10,388
9,51,10,388
11,51,10,388
13,51,10,388
15,51,10,388
5,58,10,388
7,58,10,388
9,58,10,388
11,58,10,388
13,58,10,388
15,58,10,388
5,16,10,440
7,16,10,440
9,16,10,440
11,16,10,440
13,16,10,440
15,16,10,440
5,23,10,440
7,23,10,440
9,23,10,440
11,23,10,440
13,23,10,440
15,23,10,440
5,30,10,440
7,30,10,440
9,30,10,440
11,30,10,440
13,30,10,440
15,30,10,440
5,37,10,440
7,37,10,440
9,37,10,440
11,37,10,440
13,37,10,440
15,37,10,440
5,44,10,440
7,44,10,440
9,44,10,440
11,44,10,440
13,44,10,440
15,44,10,440
5,51,10,440
7,51,10,440
9,51,10,440
11,51,10,440
13,51,10,440
15,51,10,440
5,58,10,440
7,58,10,440
9,58,10,440
11,58,10,440
13,58,10,440
15,58,10,440
5,16,10,492
7,16,10,492
9,16,10,492
11,16,10,492
13,16,10,492
15,16,10,492
5,23,10,492
7,23,10,492
9,23,10,492
11,23,10,492
13,23,10,492
15,23,10,492
5,30,10,492
7,30,10,492
9,30,10,492
11,30,10,492
13,30,10,492
15,30,10,492
5,37,10,492
7,37,10,492
9,37,10,492
11,37,10,492
13,37,10,492
15,37,10,492
5,44,10,492
7,44,10,492
9,44,10,492
11,44,10,492
13,44,10,492
15,44,10,492
5,51,10,492
7,51,10,492
9,51,10,492
11,51,10,492
13,51,10,492
15,51,10,492
5,58,10,492
7,58,10,492
9,58,10,492
11,58,10,492
13,58,10,492
15,58,10,492
5,16,23,128
7,16,23,128
9,16,23,128
11,16,23,128
13,16,23,128
15,16,23,128
5,23,23,128
7,23,23,128
9,23,23,128
11,23,23,128
13,23,23,128
15,23,23,128
5,30,23,128
7,30,23,128
9,30,23,128
11,30,23,128
13,30,23,128
15,30,23,128
5,37,23,128
7,37,23,128
9,37,23,128
11,37,23,128
13,37,23,128
15,37,23,128
5,44,23,128
7,44,23,128
9,44,23,128
11,44,23,128
13,44,23,128
15,44,23,128
5,51,23,128
7,51,23,128
9,51,23,128
11,51,23,128
13,51,23,128
15,51,23,128
5,58,23,128
7,58,23,128
9,58,23,128
11,58,23,128
13,58,23,128
15,58,23,128
5,16,23,180
7,16,23,180
9,16,23,180
11,16,23,180
13,16,23,180
15,16,23,180
5,23,23,180
7,23,23,180
9,23,23,180
11,23,23,180
13,23,23,180
15,23,23,180
5,30,23,180
7,30,23,180
9,30,23,180
11,30,23,180
13,30,23,180
15,30,23,180
5,37,23,180
7,37,23,180
9,37,23,180
11,37,23,180
13,37,23,180
15,37,23,180
5,44,23,180
7,44,23,180
9,44,23,180
11,44,23,180
13,44,23,180
15,44,23,180
5,51,23,180
7,51,23,180
9,51,23,180
11,51,23,180
13,51,23,180
15,51,23,180
5,58,23,180
7,58,23,180
9,58,23,180
11,58,23,180
13,58,23,180
15,58,23,180
5,16,23,232
7,16,23,232
9,16,23,232
11,16,23,232
13,16,23,232
15,16,23,232
5,23,23,232
7,23,23,232
9,23,23,232
11,23,23,232
13,23,23,232
15,23,23,232
5,30,23,232
7,30,23,232
9,30,23,232
11,30,23,232
13,30,23,232
15,30,23,232
5,37,23,232
7,37,23,232
9,37,23,232
11,37,23,232
13,37,23,232
15,37,23,232
5,44,23,232
7,44,23,232
9,44,23,232
11,44,23,232
13,44,23,232
15,44,23,232
5,51,23,232
7,51,23,232
9,51,23,232
11,51,23,232
13,51,23,232
15,51,23,232
5,58,23,232
7,58,23,232
9,58,23,232
11,58,23,232
13,58,23,232
15,58,23,232
5,16,23,284
7,16,23,284
9,16,23,284
11,16,23,284
13,16,23,284
15,16,23,284
5,23,23,284
7,23,23,284
9,23,23,284
11,23,23,284
13,23,23,284
15,23,23,284
5,30,23,284
7,30,23,284
9,30,23,284
11,30,23,284
13,30,23,284
15,30,23,284
5,37,23,284
7,37,23,284
9,37,23,284
11,37,23,284
13,37,23,284
15,37,23,284
5,44,23,284
7,44,23,284
9,44,23,284
11,44,23,284
13,44,23,284
15,44,23,284
5,51,23,284
7,51,23,284
9,51,23,284
11,51,23,284
13,51,23,284
15,51,23,284
5,58,23,284
7,58,23,284
9,58,23,284
11,58,23,284
13,58,23,284
15,58,23,284
5,16,23,336
7,16,23,336
9,16,23,336
11,16,23,336
13,16,23,336
15,16,23,336
5,23,23,336
7,23,23,336
9,23,23,336
11,23,23,336
13,23,23,336
15,23,23,336
5,30,23,336
7,30,23,336
9,30,23,336
11,30,23,336
13,30,23,336
15,30,23,336
5,37,23,336
7,37,23,336
9,37,23,336
11,37,23,336
13,37,23,336
15,37,23,336
5,44,23,336
7,44,23,336
9,44,23,336
11,44,23,336
13,44,23,336
15,44,23,336
5,51,23,336
7,51,23,336
9,51,23,336
11,51,23,336
13,51,23,336
15,51,23,336
5,58,23,336
7,58,23,336
9,58,23,336
11,58,23,336
13,58,23,336
15,58,23,336
5,16,23,388
7,16,23,388
9,16,23,388
11,16,23,388
13,16,23,388
15,16,23,388
5,23,23,388
7,23,23,388
9,23,23,388
11,23,23,388
13,23,23,388
15,23,23,388
5,30,23,388
7,30,23,388
9,30,23,388
11,30,23,388
13,30,23,388
15,30,23,388
5,37,23,388
7,37,23,388
9,37,23,388
11,37,23,388
13,37,23,388
15,37,23,388
5,44,23,388
7,44,23,388
9,44,23,388
11,44,23,388
13,44,23,388
15,44,23,388
5,51,23,388
7,51,23,388
9,51,23,388
11,51,23,388
13,51,23,388
15,51,23,388
5,58,23,388
7,58,23,388
9,58,23,388
11,58,23,388
13,58,23,388
15,58,23,388
5,16,23,440
7,16,23,440
9,16,23,440
11,16,23,440
13,16,23,440
15,16,23,440
5,23,23,440
7,23,23,440
9,23,23,440
11,23,23,440
13,23,23,440
15,23,23,440
5,30,23,440
7,30,23,440
9,30,23,440
11,30,23,440
13,30,23,440
15,30,23,440
5,37,23,440
7,37,23,440
9,37,23,440
11,37,23,440
13,37,23,440
15,37,23,440
5,44,23,440
7,44,23,440
9,44,23,440
11,44,23,440
13,44,23,440
15,44,23,440
5,51,23,440
7,51,23,440
9,51,23,440
11,51,23,440
13,51,23,440
15,51,23,440
5,58,23,440
7,58,23,440
9,58,23,440
11,58,23,440
13,58,23,440
15,58,23,440
5,16,23,492
7,16,23,492
9,16,23,492
11,16,23,492
13,16,23,492
15,16,23,492
5,23,23,492
7,23,23,492
9,23,23,492
11,23,23,492
13,23,23,492
15,23,23,492
5,30,23,492
7,30,23,492
9,30,23,492
11,30,23,492
13,30,23,492
15,30,23,492
5,37,23,492
7,37,23,492
9,37,23,492
11,37,23,492
13,37,23,492
15,37,23,492
5,44,23,492
7,44,23,492
9,44,23,492
11,44,23,492
13,44,23,492
15,44,23,492
5,51,23,492
7,51,23,492
9,51,23,492
11,51,23,492
13,51,23,492
15,51,23,492
5,58,23,492
7,58,23,492
9,58,23,492
11,58,23,492
13,58,23,492
15,58,23,492
5,16,36,128
7,16,36,128
9,16,36,128
11,16,36,128
13,16,36,128
15,16,36,128
5,23,36,128
7,23,36,128
9,23,36,128
11,23,36,128
13,23,36,128
15,23,36,128
5,30,36,128
7,30,36,128
9,30,36,128
11,30,36,128
13,30,36,128
15,30,36,128
5,37,36,128
7,37,36,128
9,37,36,128
11,37,36,128
13,37,36,128
15,37,36,128
5,44,36,128
7,44,36,128
9,44,36,128
11,44,36,128
13,44,36,128
15,44,36,128
5,51,36,128
7,51,36,128
9,51,36,128
11,51,36,128
13,51,36,128
15,51,36,128
5,58,36,128
7,58,36,128
9,58,36,128
11,58,36,128
13,58,36,128
15,58,36,128
5,16,36,180
7,16,36,180
9,16,36,180
11,16,36,180
13,16,36,180
15,16,36,180
5,23,36,180
7,23,36,180
9,23,36,180
11,23,36,180
13,23,36,180
15,23,36,180
5,30,36,180
7,30,36,180
9,30,36,180
11,30,36,180
13,30,36,180
15,30,36,180
5,37,36,180
7,37,36,180
9,37,36,180
11,37,36,180
13,37,36,180
15,37,36,180
5,44,36,180
7,44,36,180
9,44,36,180
11,44,36,180
13,44,36,180
15,44,36,180
5,51,36,180
7,51,36,180
9,51,36,180
11,51,36,180
13,51,36,180
15,51,36,180
5,58,36,180
7,58,36,180
9,58,36,180
11,58,36,180
13,58,36,180
15,58,36,180
5,16,36,232
7,16,36,232
9,16,36,232
11,16,36,232
13,16,36,232
15,16,36,232
5,23,36,232
7,23,36,232
9,23,36,232
11,23,36,232
13,23,36,232
15,23,36,232
5,30,36,232
7,30,36,232
9,30,36,232
11,30,36,232
13,30,36,232
15,30,36,232
5,37,36,232
7,37,36,232
9,37,36,232
11,37,36,232
13,37,36,232
15,37,36,232
5,44,36,232
7,44,36,232
9,44,36,232
11,44,36,232
13,44,36,232
15,44,36,232
5,51,36,232
7,51,36,232
9,51,36,232
11,51,36,232
13,51,36,232
15,51,36,232
5,58,36,232
7,58,36,232
9,58,36,232
11,58,36,232
13,58,36,232
15,58,36,232
5,16,36,284
7,16,36,284
9,16,36,284
11,16,36,284
13,16,36,284
15,16,36,284
5,23,36,284
7,23,36,284
9,23,36,284
11,23,36,284
13,23,36,284
15,23,36,284
5,30,36,284
7,30,36,284
9,30,36,284
11,30,36,284
13,30,36,284
15,30,36,284
5,37,36,284
7,37,36,284
9,37,36,284
11,37,36,284
13,37,36,284
15,37,36,284
5,44,36,284
7,44,36,284
9,44,36,284
11,44,36,284
13,44,36,284
15,44,36,284
5,51,36,284
7,51,36,284
9,51,36,284
11,51,36,284
13,51,36,284
15,51,36,284
5,58,36,284
7,58,36,284
9,58,36,284
11,58,36,284
13,58,36,284
15,58,36,284
5,16,36,336
7,16,36,336
9,16,36,336
11,16,36,336
13,16,36,336
15,16,36,336
5,23,36,336
7,23,36,336
9,23,36,336
11,23,36,336
13,23,36,336
15,23,36,336
5,30,36,336
7,30,36,336
9,30,36,336
11,30,36,336
13,30,36,336
15,30,36,336
5,37,36,336
7,37,36,336
9,37,36,336
11,37,36,336
13,37,36,336
15,37,36,336
5,44,36,336
7,44,36,336
9,44,36,336
11,44,36,336
13,44,36,336
15,44,36,336
5,51,36,336
7,51,36,336
9,51,36,336
11,51,36,336
13,51,36,336
15,51,36,336
5,58,36,336
7,58,36,336
9,58,36,336
11,58,36,336
13,58,36,336
15,58,36,336
5,16,36,388
7,16,36,388
9,16,36,388
11,16,36,388
13,16,36,388
15,16,36,388
5,23,36,388
7,23,36,388
9,23,36,388
11,23,36,388
13,23,36,388
15,23,36,388
5,30,36,388
7,30,36,388
9,30,36,388
11,30,36,388
13,30,36,388
15,30,36,388
5,37,36,388
7,37,36,388
9,37,36,388
11,37,36,388
13,37,36,388
15,37,36,388
5,44,36,388
7,44,36,388
9,44,36,388
11,44,36,388
13,44,36,388
15,44,36,388
5,51,36,388
7,51,36,388
9,51,36,388
11,51,36,388
13,51,36,388
15,51,36,388
5,58,36,388
7,58,36,388
9,58,36,388
11,58,36,388
13,58,36,388
15,58,36,388
5,16,36,440
7,16,36,440
9,16,36,440
11,16,36,440
13,16,36,440
15,16,36,440
5,23,36,440
7,23,36,440
9,23,36,440
11,23,36,440
13,23,36,440
15,23,36,440
5,30,36,440
7,30,36,440
9,30,36,440
11,30,36,440
13,30,36,440
15,30,36,440
5,37,36,440
7,37,36,440
9,37,36,440
11,37,36,440
13,37,36,440
15,37,36,440
5,44,36,440
7,44,36,440
9,44,36,440
11,44,36,440
13,44,36,440
15,44,36,440
5,51,36,440
7,51,36,440
9,51,36,440
11,51,36,440
13,51,36,440
15,51,36,440
5,58,36,440
7,58,36,440
9,58,36,440
11,58,36,440
13,58,36,440
15,58,36,440
5,16,36,492
7,16,36,492
9,16,36,492
11,16,36,492
13,16,36,492
15,16,36,492
5,23,36,492
7,23,36,492
9,23,36,492
11,23,36,492
13,23,36,492
15,23,36,492
5,30,36,492
7,30,36,492
9,30,36,492
11,30,36,492
13,30,36,492
15,30,36,492
5,37,36,492
7,37,36,492
9,37,36,492
11,37,36,492
13,37,36,492
15,37,36,492
5,44,36,492
7,44,36,492
9,44,36,492
11,44,36,492
13,44,36,492
15,44,36,492
5,51,36,492
7,51,36,492
9,51,36,492
11,51,36,492
13,51,36,492
15,51,36,492
5,58,36,492
7,58,36,492
9,58,36,492
11,58,36,492
13,58,36,492
15,58,36,492
5,16,49,128
7,16,49,128
9,16,49,128
11,16,49,128
13,16,49,128
15,16,49,128
5,23,49,128
7,23,49,128
9,23,49,128
11,23,49,128
13,23,49,128
15,23,49,128
5,30,49,128
7,30,49,128
9,30,49,128
11,30,49,128
13,30,49,128
15,30,49,128
5,37,49,128
7,37,49,128
9,37,49,128
11,37,49,128
13,37,49,128
15,37,49,128
5,44,49,128
7,44,49,128
9,44,49,128
11,44,49,128
13,44,49,128
15,44,49,128
5,51,49,128
7,51,49,128
9,51,49,128
11,51,49,128
13,51,49,128
15,51,49,128
5,58,49,128
7,58,49,128
9,58,49,128
11,58,49,128
13,58,49,128
15,58,49,128
5,16,49,180
7,16,49,180
9,16,49,180
11,16,49,180
13,16,49,180
15,16,49,180
5,23,49,180
7,23,49,180
9,23,49,180
11,23,49,180
13,23,49,180
15,23,49,180
5,30,49,180
7,30,49,180
9,30,49,180
11,30,49,180
13,30,49,180
15,30,49,180
5,37,49,180
7,37,49,180
9,37,49,180
11,37,49,180
13,37,49,180
15,37,49,180
5,44,49,180
7,44,49,180
9,44,49,180
11,44,49,180
13,44,49,180
15,44,49,180
5,51,49,180
7,51,49,180
9,51,49,180
11,51,49,180
13,51,49,180
15,51,49,180
5,58,49,180
7,58,49,180
9,58,49,180
11,58,49,180
13,58,49,180
15,58,49,180
5,16,49,232
7,16,49,232
9,16,49,232
11,16,49,232
13,16,49,232
15,16,49,232
5,23,49,232
7,23,49,232
9,23,49,232
11,23,49,232
13,23,49,232
15,23,49,232
5,30,49,232
7,30,49,232
9,30,49,232
11,30,49,232
13,30,49,232
15,30,49,232
5,37,49,232
7,37,49,232
9,37,49,232
11,37,49,232
13,37,49,232
15,37,49,232
5,44,49,232
7,44,49,232
9,44,49,232
11,44,49,232
13,44,49,232
15,44,49,232
5,51,49,232
7,51,49,232
9,51,49,232
11,51,49,232
13,51,49,232
15,51,49,232
5,58,49,232
7,58,49,232
9,58,49,232
11,58,49,232
13,58,49,232
15,58,49,232
5,16,49,284
7,16,49,284
9,16,49,284
11,16,49,284
13,16,49,284
15,16,49,284
5,23,49,284
7,23,49,284
9,23,49,284
11,23,49,284
13,23,49,284
15,23,49,284
5,30,49,284
7,30,49,284
9,30,49,284
11,30,49,284
13,30,49,284
15,30,49,284
5,37,49,284
7,37,49,284
9,37,49,284
11,37,49,284
13,37,49,284
15,37,49,284
5,44,49,284
7,44,49,284
9,44,49,284
11,44,49,284
13,44,49,284
15,44,49,284
5,51,49,284
7,51,49,284
9,51,49,284
11,51,49,284
13,51,49,284
15,51,49,284
5,58,49,284
7,58,49,284
9,58,49,284
11,58,49,284
13,58,49,284
15,58,49,284
5,16,49,336
7,16,49,336
9,16,49,336
11,16,49,336
13,16,49,336
15,16,49,336
5,23,49,336
7,23,49,336
9,23,49,336
11,23,49,336
13,23,49,336
15,23,49,336
5,30,49,336
7,30,49,336
9,30,49,336
11,30,49,336
13,30,49,336
15,30,49,336
5,37,49,336
7,37,49,336
9,37,49,336
11,37,49,336
13,37,49,336
15,37,49,336
5,44,49,336
7,44,49,336
9,44,49,336
11,44,49,336
13,44,49,336
15,44,49,336
5,51,49,336
7,51,49,336
9,51,49,336
11,51,49,336
13,51,49,336
15,51,49,336
5,58,49,336
7,58,49,336
9,58,49,336
11,58,49,336
13,58,49,336
15,58,49,336
5,16,49,388
7,16,49,388
9,16,49,388
11,16,49,388
13,16,49,388
15,16,49,388
5,23,49,388
7,23,49,388
9,23,49,388
11,23,49,388
13,23,49,388
15,23,49,388
5,30,49,388
7,30,49,388
9,30,49,388
11,30,49,388
13,30,49,388
15,30,49,388
5,37,49,388
7,37,49,388
9,37,49,388
11,37,49,388
13,37,49,388
15,37,49,388
5,44,49,388
7,44,49,388
9,44,49,388
11,44,49,388
13,44,49,388
15,44,49,388
5,51,49,388
7,51,49,388
9,51,49,388
11,51,49,388
13,51,49,388
15,51,49,388
5,58,49,388
7,58,49,388
9,58,49,388
11,58,49,388
13,58,49,388
15,58,49,388
5,16,49,440
7,16,49,440
9,16,49,440
11,16,49,440
13,16,49,440
15,16,49,440
5,23,49,440
7,23,49,440
9,23,49,440
11,23,49,440
13,23,49,440
15,23,49,440
5,30,49,440
7,30,49,440
9,30,49,440
11,30,49,440
13,30,49,440
15,30,49,440
5,37,49,440
7,37,49,440
9,37,49,440
11,37,49,440
13,37,49,440
15,37,49,440
5,44,49,440
7,44,49,440
9,44,49,440
11,44,49,440
13,44,49,440
15,44,49,440
5,51,49,440
7,51,49,440
9,51,49,440
11,51,49,440
13,51,49,440
15,51,49,440
5,58,49,440
7,58,49,440
9,58,49,440
11,58,49,440
13,58,49,440
15,58,49,440
5,16,49,492
7,16,49,492
9,16,49,492
11,16,49,492
13,16,49,492
15,16,49,492
5,23,49,492
7,23,49,492
9,23,49,492
11,23,49,492
13,23,49,492
15,23,49,492
5,30,49,492
7,30,49,492
9,30,49,492
11,30,49,492
13,30,49,492
15,30,49,492
5,37,49,492
7,37,49,492
9,37,49,492
11,37,49,492
13,37,49,492
15,37,49,492
5,44,49,492
7,44,49,492
9,44,49,492
11,44,49,492
13,44,49,492
15,44,49,492
5,51,49,492
7,51,49,492
9,51,49,492
11,51,49,492
13,51,49,492
15,51,49,492
5,58,49,492
7,58,49,492
9,58,49,492
11,58,49,492
13,58,49,492
15,58,49,492
5,16,62,128
7,16,62,128
9,16,62,128
11,16,62,128
13,16,62,128
15,16,62,128
5,23,62,128
7,23,62,128
9,23,62,128
11,23,62,128
13,23,62,128
15,23,62,128
5,30,62,128
7,30,62,128
9,30,62,128
11,30,62,128
13,30,62,128
15,30,62,128
5,37,62,128
7,37,62,128
9,37,62,128
11,37,62,128
13,37,62,128
15,37,62,128
5,44,62,128
7,44,62,128
9,44,62,128
11,44,62,128
13,44,62,128
15,44,62,128
5,51,62,128
7,51,62,128
9,51,62,128
11,51,62,128
13,51,62,128
15,51,62,128
5,58,62,128
7,58,62,128
9,58,62,128
11,58,62,128
13,58,62,128
15,58,62,128
5,16,62,180
7,16,62,180
9,16,62,180
11,16,62,180
13,16,62,180
15,16,62,180
5,23,62,180
7,23,62,180
9,23,62,180
11,23,62,180
13,23,62,180
15,23,62,180
5,30,62,180
7,30,62,180
9,30,62,180
11,30,62,180
13,30,62,180
15,30,62,180
5,37,62,180
7,37,62,180
9,37,62,180
11,37,62,180
13,37,62,180
15,37,62,180
5,44,62,180
7,44,62,180
9,44,62,180
11,44,62,180
13,44,62,180
15,44,62,180
5,51,62,180
7,51,62,180
9,51,62,180
11,51,62,180
13,51,62,180
15,51,62,180
5,58,62,180
7,58,62,180
9,58,62,180
11,58,62,180
13,58,62,180
15,58,62,180
5,16,62,232
7,16,62,232
9,16,62,232
11,16,62,232
13,16,62,232
15,16,62,232
5,23,62,232
7,23,62,232
9,23,62,232
11,23,62,232
13,23,62,232
15,23,62,232
5,30,62,232
7,30,62,232
9,30,62,232
11,30,62,232
13,30,62,232
15,30,62,232
5,37,62,232
7,37,62,232
9,37,62,232
11,37,62,232
13,37,62,232
15,37,62,232
5,44,62,232
7,44,62,232
9,44,62,232
11,44,62,232
13,44,62,232
15,44,62,232
5,51,62,232
7,51,62,232
9,51,62,232
11,51,62,232
13,51,62,232
15,51,62,232
5,58,62,232
7,58,62,232
9,58,62,232
11,58,62,232
13,58,62,232
15,58,62,232
5,16,62,284
7,16,62,284
9,16,62,284
11,16,62,284
13,16,62,284
15,16,62,284
5,23,62,284
7,23,62,284
9,23,62,284
11,23,62,284
13,23,62,284
15,23,62,284
5,30,62,284
7,30,62,284
9,30,62,284
11,30,62,284
13,30,62,284
15,30,62,284
5,37,62,284
7,37,62,284
9,37,62,284
11,37,62,284
13,37,62,284
15,37,62,284
5,44,62,284
7,44,62,284
9,44,62,284
11,44,62,284
13,44,62,284
15,44,62,284
5,51,62,284
7,51,62,284
9,51,62,284
11,51,62,284
13,51,62,284
15,51,62,284
5,58,62,284
7,58,62,284
9,58,62,284
11,58,62,284
13,58,62,284
15,58,62,284
5,16,62,336
7,16,62,336
9,16,62,336
11,16,62,336
13,16,62,336
15,16,62,336
5,23,62,336
7,23,62,336
9,23,62,336
11,23,62,336
13,23,62,336
15,23,62,336
5,30,62,336
7,30,62,336
9,30,62,336
11,30,62,336
13,30,62,336
15,30,62,336
5,37,62,336
7,37,62,336
9,37,62,336
11,37,62,336
13,37,62,336
15,37,62,336
5,44,62,336
7,44,62,336
9,44,62,336
11,44,62,336
13,44,62,336
15,44,62,336
5,51,62,336
7,51,62,336
9,51,62,336
11,51,62,336
13,51,62,336
15,51,62,336
5,58,62,336
7,58,62,336
9,58,62,336
11,58,62,336
13,58,62,336
15,58,62,336
5,16,62,388
7,16,62,388
9,16,62,388
11,16,62,388
13,16,62,388
15,16,62,388
5,23,62,388
7,23,62,388
9,23,62,388
11,23,62,388
13,23,62,388
15,23,62,388
5,30,62,388
7,30,62,388
9,30,62,388
11,30,62,388
13,30,62,388
15,30,62,388
5,37,62,388
7,37,62,388
9,37,62,388
11,37,62,388
13,37,62,388
15,37,62,388
5,44,62,388
7,44,62,388
9,44,62,388
11,44,62,388
13,44,62,388
15,44,62,388
5,51,62,388
7,51,62,388
9,51,62,388
11,51,62,388
13,51,62,388
15,51,62,388
5,58,62,388
7,58,62,388
9,58,62,388
11,58,62,388
13,58,62,388
15,58,62,388
5,16,62,440
7,16,62,440
9,16,62,440
11,16,62,440
13,16,62,440
15,16,62,440
5,23,62,440
7,23,62,440
9,23,62,440
11,23,62,440
13,23,62,440
15,23,62,440
5,30,62,440
7,30,62,440
9,30,62,440
11,30,62,440
13,30,62,440
15,30,62,440
5,37,62,440
7,37,62,440
9,37,62,440
11,37,62,440
13,37,62,440
15,37,62,440
5,44,62,440
7,44,62,440
9,44,62,440
11,44,62,440
13,44,62,440
15,44,62,440
5,51,62,440
7,51,62,440
9,51,62,440
11,51,62,440
13,51,62,440
15,51,62,440
5,58,62,440
7,58,62,440
9,58,62,440
11,58,62,440
13,58,62,440
15,58,62,440
5,16,62,492
7,16,62,492
9,16,62,492
11,16,62,492
13,16,62,492
15,16,62,492
5,23,62,492
7,23,62,492
9,23,62,492
11,23,62,492
13,23,62,492
15,23,62,492
5,30,62,492
7,30,62,492
9,30,62,492
11,30,62,492
13,30,62,492
15,30,62,492
5,37,62,492
7,37,62,492
9,37,62,492
11,37,62,492
13,37,62,492
15,37,62,492
5,44,62,492
7,44,62,492
9,44,62,492
11,44,62,492
13,44,62,492
15,44,62,492
5,51,62,492
7,51,62,492
9,51,62,492
11,51,62,492
13,51,62,492
15,51,62,492
5,58,62,492
7,58,62,492
9,58,62,492
11,58,62,492
13,58,62,492
15,58,62,492
5,16,75,128
7,16,75,128
9,16,75,128
11,16,75,128
13,16,75,128
15,16,75,128
5,23,75,128
7,23,75,128
9,23,75,128
11,23,75,128
13,23,75,128
15,23,75,128
5,30,75,128
7,30,75,128
9,30,75,128
11,30,75,128
13,30,75,128
15,30,75,128
5,37,75,128
7,37,75,128
9,37,75,128
11,37,75,128
13,37,75,128
15,37,75,128
5,44,75,128
7,44,75,128
9,44,75,128
11,44,75,128
13,44,75,128
15,44,75,128
5,51,75,128
7,51,75,128
9,51,75,128
11,51,75,128
13,51,75,128
15,51,75,128
5,58,75,128
7,58,75,128
9,58,75,128
11,58,75,128
13,58,75,128
15,58,75,128
5,16,75,180
7,16,75,180
9,16,75,180
11,16,75,180
13,16,75,180
15,16,75,180
5,23,75,180
7,23,75,180
9,23,75,180
11,23,75,180
13,23,75,180
15,23,75,180
5,30,75,180
7,30,75,180
9,30,75,180
11,30,75,180
13,30,75,180
15,30,75,180
5,37,75,180
7,37,75,180
9,37,75,180
11,37,75,180
13,37,75,180
15,37,75,180
5,44,75,180
7,44,75,180
9,44,75,180
11,44,75,180
13,44,75,180
15,44,75,180
5,51,75,180
7,51,75,180
9,51,75,180
11,51,75,180
13,51,75,180
15,51,75,180
5,58,75,180
7,58,75,180
9,58,75,180
11,58,75,180
13,58,75,180
15,58,75,180
5,16,75,232
7,16,75,232
9,16,75,232
11,16,75,232
13,16,75,232
15,16,75,232
5,23,75,232
7,23,75,232
9,23,75,232
11,23,75,232
13,23,75,232
15,23,75,232
5,30,75,232
7,30,75,232
9,30,75,232
11,30,75,232
13,30,75,232
15,30,75,232
5,37,75,232
7,37,75,232
9,37,75,232
11,37,75,232
13,37,75,232
15,37,75,232
5,44,75,232
7,44,75,232
9,44,75,232
11,44,75,232
13,44,75,232
15,44,75,232
5,51,75,232
7,51,75,232
9,51,75,232
11,51,75,232
13,51,75,232
15,51,75,232
5,58,75,232
7,58,75,232
9,58,75,232
11,58,75,232
13,58,75,232
15,58,75,232
5,16,75,284
7,16,75,284
9,16,75,284
11,16,75,284
13,16,75,284
15,16,75,284
5,23,75,284
7,23,75,284
9,23,75,284
11,23,75,284
13,23,75,284
15,23,75,284
5,30,75,284
7,30,75,284
9,30,75,284
11,30,75,284
13,30,75,284
15,30,75,284
5,37,75,284
7,37,75,284
9,37,75,284
11,37,75,284
13,37,75,284
15,37,75,284
5,44,75,284
7,44,75,284
9,44,75,284
11,44,75,284
13,44,75,284
15,44,75,284
5,51,75,284
7,51,75,284
9,51,75,284
11,51,75,284
13,51,75,284
15,51,75,284
5,58,75,284
7,58,75,284
9,58,75,284
11,58,75,284
13,58,75,284
15,58,75,284
5,16,75,336
7,16,75,336
9,16,75,336
11,16,75,336
13,16,75,336
15,16,75,336
5,23,75,336
7,23,75,336
9,23,75,336
11,23,75,336
13,23,75,336
15,23,75,336
5,30,75,336
7,30,75,336
9,30,75,336
11,30,75,336
13,30,75,336
15,30,75,336
5,37,75,336
7,37,75,336
9,37,75,336
11,37,75,336
13,37,75,336
15,37,75,336
5,44,75,336
7,44,75,336
9,44,75,336
11,44,75,336
13,44,75,336
15,44,75,336
5,51,75,336
7,51,75,336
9,51,75,336
11,51,75,336
13,51,75,336
15,51,75,336
5,58,75,336
7,58,75,336
9,58,75,336
11,58,75,336
13,58,75,336
15,58,75,336
5,16,75,388
7,16,75,388
9,16,75,388
11,16,75,388
13,16,75,388
15,16,75,388
5,23,75,388
7,23,75,388
9,23,75,388
11,23,75,388
13,23,75,388
15,23,75,388
5,30,75,388
7,30,75,388
9,30,75,388
11,30,75,388
13,30,75,388
15,30,75,388
5,37,75,388
7,37,75,388
9,37,75,388
11,37,75,388
13,37,75,388
15,37,75,388
5,44,75,388
7,44,75,388
9,44,75,388
11,44,75,388
13,44,75,388
15,44,75,388
5,51,75,388
7,51,75,388
9,51,75,388
11,51,75,388
13,51,75,388
15,51,75,388
5,58,75,388
7,58,75,388
9,58,75,388
11,58,75,388
13,58,75,388
15,58,75,388
5,16,75,440
7,16,75,440
9,16,75,440
11,16,75,440
13,16,75,440
15,16,75,440
5,23,75,440
7,23,75,440
9,23,75,440
11,23,75,440
13,23,75,440
15,23,75,440
5,30,75,440
7,30,75,440
9,30,75,440
11,30,75,440
13,30,75,440
15,30,75,440
5,37,75,440
7,37,75,440
9,37,75,440
11,37,75,440
13,37,75,440
15,37,75,440
5,44,75,440
7,44,75,440
9,44,75,440
11,44,75,440
13,44,75,440
15,44,75,440
5,51,75,440
7,51,75,440
9,51,75,440
11,51,75,440
13,51,75,440
15,51,75,440
5,58,75,440
7,58,75,440
9,58,75,440
11,58,75,440
13,58,75,440
15,58,75,440
5,16,75,492
7,16,75,492
9,16,75,492
11,16,75,492
13,16,75,492
15,16,75,492
5,23,75,492
7,23,75,492
9,23,75,492
11,23,75,492
13,23,75,492
15,23,75,492
5,30,75,492
7,30,75,492
9,30,75,492
11,30,75,492
13,30,75,492
15,30,75,492
5,37,75,492
7,37,75,492
9,37,75,492
11,37,75,492
13,37,75,492
15,37,75,492
5,44,75,492
7,44,75,492
9,44,75,492
11,44,75,492
13,44,75,492
15,44,75,492
5,51,75,492
7,51,75,492
9,51,75,492
11,51,75,492
13,51,75,492
15,51,75,492
5,58,75,492
7,58,75,492
9,58,75,492
11,58,75,492
13,58,75,492
15,58,75,492
5,16,88,128
7,16,88,128
9,16,88,128
11,16,88,128
13,16,88,128
15,16,88,128
5,23,88,128
7,23,88,128
9,23,88,128
11,23,88,128
13,23,88,128
15,23,88,128
5,30,88,128
7,30,88,128
9,30,88,128
11,30,88,128
13,30,88,128
15,30,88,128
5,37,88,128
7,37,88,128
9,37,88,128
11,37,88,128
13,37,88,128
15,37,88,128
5,44,88,128
7,44,88,128
9,44,88,128
11,44,88,128
13,44,88,128
15,44,88,128
5,51,88,128
7,51,88,128
9,51,88,128
11,51,88,128
13,51,88,128
15,51,88,128
5,58,88,128
7,58,88,128
9,58,88,128
11,58,88,128
13,58,88,128
15,58,88,128
5,16,88,180
7,16,88,180
9,16,88,180
11,16,88,180
13,16,88,180
15,16,88,180
5,23,88,180
7,23,88,180
9,23,88,180
11,23,88,180
13,23,88,180
15,23,88,180
5,30,88,180
7,30,88,180
9,30,88,180
11,30,88,180
13,30,88,180
15,30,88,180
5,37,88,180
7,37,88,180
9,37,88,180
11,37,88,180
13,37,88,180
15,37,88,180
5,44,88,180
7,44,88,180
9,44,88,180
11,44,88,180
13,44,88,180
15,44,88,180
5,51,88,180
7,51,88,180
9,51,88,180
11,51,88,180
13,51,88,180
15,51,88,180
5,58,88,180
7,58,88,180
9,58,88,180
11,58,88,180
13,58,88,180
15,58,88,180
5,16,88,232
7,16,88,232
9,16,88,232
11,16,88,232
13,16,88,232
15,16,88,232
5,23,88,232
7,23,88,232
9,23,88,232
11,23,88,232
13,23,88,232
15,23,88,232
5,30,88,232
7,30,88,232
9,30,88,232
11,30,88,232
13,30,88,232
15,30,88,232
5,37,88,232
7,37,88,232
9,37,88,232
11,37,88,232
13,37,88,232
15,37,88,232
5,44,88,232
7,44,88,232
9,44,88,232
11,44,88,232
13,44,88,232
15,44,88,232
5,51,88,232
7,51,88,232
9,51,88,232
11,51,88,232
13,51,88,232
15,51,88,232
5,58,88,232
7,58,88,232
9,58,88,232
11,58,88,232
13,58,88,232
15,58,88,232
5,16,88,284
7,16,88,284
9,16,88,284
11,16,88,284
13,16,88,284
15,16,88,284
5,23,88,284
7,23,88,284
9,23,88,284
11,23,88,284
13,23,88,284
15,23,88,284
5,30,88,284
7,30,88,284
9,30,88,284
11,30,88,284
13,30,88,284
15,30,88,284
5,37,88,284
7,37,88,284
9,37,88,284
11,37,88,284
13,37,88,284
15,37,88,284
5,44,88,284
7,44,88,284
9,44,88,284
11,44,88,284
13,44,88,284
15,44,88,284
5,51,88,284
7,51,88,284
9,51,88,284
11,51,88,284
13,51,88,284
15,51,88,284
5,58,88,284
7,58,88,284
9,58,88,284
11,58,88,284
13,58,88,284
15,58,88,284
5,16,88,336
7,16,88,336
9,16,88,336
11,16,88,336
13,16,88,336
15,16,88,336
5,23,88,336
7,23,88,336
9,23,88,336
11,23,88,336
13,23,88,336
15,23,88,336
5,30,88,336
7,30,88,336
9,30,88,336
11,30,88,336
13,30,88,336
15,30,88,336
5,37,88,336
7,37,88,336
9,37,88,336
11,37,88,336
13,37,88,336
15,37,88,336
5,44,88,336
7,44,88,336
9,44,88,336
11,44,88,336
13,44,88,336
15,44,88,336
5,51,88,336
7,51,88,336
9,51,88,336
11,51,88,336
13,51,88,336
15,51,88,336
5,58,88,336
7,58,88,336
9,58,88,336
11,58,88,336
13,58,88,336
15,58,88,336
5,16,88,388
7,16,88,388
9,16,88,388
11,16,88,388
13,16,88,388
15,16,88,388
5,23,88,388
7,23,88,388
9,23,88,388
11,23,88,388
13,23,88,388
15,23,88,388
5,30,88,388
7,30,88,388
9,30,88,388
11,30,88,388
13,30,88,388
15,30,88,388
5,37,88,388
7,37,88,388
9,37,88,388
11,37,88,388
13,37,88,388
15,37,88,388
5,44,88,388
7,44,88,388
9,44,88,388
11,44,88,388
13,44,88,388
15,44,88,388
5,51,88,388
7,51,88,388
9,51,88,388
11,51,88,388
13,51,88,388
15,51,88,388
5,58,88,388
7,58,88,388
9,58,88,388
11,58,88,388
13,58,88,388
15,58,88,388
5,16,88,440
7,16,88,440
9,16,88,440
11,16,88,440
13,16,88,440
15,16,88,440
5,23,88,440
7,23,88,440
9,23,88,440
11,23,88,440
13,23,88,440
15,23,88,440
5,30,88,440
7,30,88,440
9,30,88,440
11,30,88,440
13,30,88,440
15,30,88,440
5,37,88,440
7,37,88,440
9,37,88,440
11,37,88,440
13,37,88,440
15,37,88,440
5,44,88,440
7,44,88,440
9,44,88,440
11,44,88,440
13,44,88,440
15,44,88,440
5,51,88,440
7,51,88,440
9,51,88,440
11,51,88,440
13,51,88,440
15,51,88,440
5,58,88,440
7,58,88,440
9,58,88,440
11,58,88,440
13,58,88,440
15,58,88,440
5,16,88,492
7,16,88,492
9,16,88,492
11,16,88,492
13,16,88,492
15,16,88,492
5,23,88,492
7,23,88,492
9,23,88,492
11,23,88,492
13,23,88,492
15,23,88,492
5,30,88,492
7,30,88,492
9,30,88,492
11,30,88,492
13,30,88,492
15,30,88,492
5,37,88,492
7,37,88,492
9,37,88,492
11,37,88,492
13,37,88,492
15,37,88,492
5,44,88,492
7,44,88,492
9,44,88,492
11,44,88,492
13,44,88,492
15,44,88,492
5,51,88,492
7,51,88,492
9,51,88,492
11,51,88,492
13,51,88,492
15,51,88,492
5,58,88,492
7,58,88,492
9,58,88,492
11,58,88,492
13,58,88,492
15,58,88,492
5,16,101,128
7,16,101,128
9,16,101,128
11,16,101,128
13,16,101,128
15,16,101,128
5,23,101,128
7,23,101,128
9,23,101,128
11,23,101,128
13,23,101,128
15,23,101,128
5,30,101,128
7,30,101,128
9,30,101,128
11,30,101,128
13,30,101,128
15,30,101,128
5,37,101,128
7,37,101,128
9,37,101,128
11,37,101,128
13,37,101,128
15,37,101,128
5,44,101,128
7,44,101,128
9,44,101,128
11,44,101,128
13,44,101,128
15,44,101,128
5,51,101,128
7,51,101,128
9,51,101,128
11,51,101,128
13,51,101,128
15,51,101,128
5,58,101,128
7,58,101,128
9,58,101,128
11,58,101,128
13,58,101,128
15,58,101,128
5,16,101,180
7,16,101,180
9,16,101,180
11,16,101,180
13,16,101,180
15,16,101,180
5,23,101,180
7,23,101,180
9,23,101,180
11,23,101,180
13,23,101,180
15,23,101,180
5,30,101,180
7,30,101,180
9,30,101,180
11,30,101,180
13,30,101,180
15,30,101,180
5,37,101,180
7,37,101,180
9,37,101,180
11,37,101,180
13,37,101,180
15,37,101,180
5,44,101,180
7,44,101,180
9,44,101,180
11,44,101,180
13,44,101,180
15,44,101,180
5,51,101,180
7,51,101,180
9,51,101,180
11,51,101,180
13,51,101,180
15,51,101,180
5,58,101,180
7,58,101,180
9,58,101,180
11,58,101,180
13,58,101,180
15,58,101,180
5,16,101,232
7,16,101,232
9,16,101,232
11,16,101,232
13,16,101,232
15,16,101,232
5,23,101,232
7,23,101,232
9,23,101,232
11,23,101,232
13,23,101,232
15,23,101,232
5,30,101,232
7,30,101,232
9,30,101,232
11,30,101,232
13,30,101,232
15,30,101,232
5,37,101,232
7,37,101,232
9,37,101,232
11,37,101,232
13,37,101,232
15,37,101,232
5,44,101,232
7,44,101,232
9,44,101,232
11,44,101,232
13,44,101,232
15,44,101,232
5,51,101,232
7,51,101,232
9,51,101,232
11,51,101,232
13,51,101,232
15,51,101,232
5,58,101,232
7,58,101,232
9,58,101,232
11,58,101,232
13,58,101,232
15,58,101,232
5,16,101,284
7,16,101,284
9,16,101,284
11,16,101,284
13,16,101,284
15,16,101,284
5,23,101,284
7,23,101,284
9,23,101,284
11,23,101,284
13,23,101,284
15,23,101,284
5,30,101,284
7,30,101,284
9,30,101,284
11,30,101,284
13,30,101,284
15,30,101,284
5,37,101,284
7,37,101,284
9,37,101,284
11,37,101,284
13,37,101,284
15,37,101,284
5,44,101,284
7,44,101,284
9,44,101,284
11,44,101,284
13,44,101,284
15,44,101,284
5,51,101,284
7,51,101,284
9,51,101,284
11,51,101,284
13,51,101,284
15,51,101,284
5,58,101,284
7,58,101,284
9,58,101,284
11,58,101,284
13,58,101,284
15,58,101,284
5,16,101,336
7,16,101,336
9,16,101,336
11,16,101,336
13,16,101,336
15,16,101,336
5,23,101,336
7,23,101,336
9,23,101,336
11,23,101,336
13,23,101,336
15,23,101,336
5,30,101,336
7,30,101,336
9,30,101,336
11,30,101,336
13,30,101,336
15,30,101,336
5,37,101,336
7,37,101,336
9,37,101,336
11,37,101,336
13,37,101,336
15,37,101,336
5,44,101,336
7,44,101,336
9,44,101,336
11,44,101,336
13,44,101,336
15,44,101,336
5,51,101,336
7,51,101,336
9,51,101,336
11,51,101,336
13,51,101,336
15,51,101,336
5,58,101,336
7,58,101,336
9,58,101,336
11,58,101,336
13,58,101,336
15,58,101,336
5,16,101,388
7,16,101,388
9,16,101,388
11,16,101,388
13,16,101,388
15,16,101,388
5,23,101,388
7,23,101,388
9,23,101,388
11,23,101,388
13,23,101,388
15,23,101,388
5,30,101,388
7,30,101,388
9,30,101,388
11,30,101,388
13,30,101,388
15,30,101,388
5,37,101,388
7,37,101,388
9,37,101,388
11,37,101,388
13,37,101,388
15,37,101,388
5,44,101,388
7,44,101,388
9,44,101,388
11,44,101,388
13,44,101,388
15,44,101,388
5,51,101,388
7,51,101,388
9,51,101,388
11,51,101,388
13,51,101,388
15,51,101,388
5,58,101,388
7,58,101,388
9,58,101,388
11,58,101,388
13,58,101,388
15,58,101,388
5,16,101,440
7,16,101,440
9,16,101,440
11,16,101,440
13,16,101,440
15,16,101,440
5,23,101,440
7,23,101,440
9,23,101,440
11,23,101,440
13,23,101,440
15,23,101,440
5,30,101,440
7,30,101,440
9,30,101,440
11,30,101,440
13,30,101,440
15,30,101,440
5,37,101,440
7,37,101,440
9,37,101,440
11,37,101,440
13,37,101,440
15,37,101,440
5,44,101,440
7,44,101,440
9,44,101,440
11,44,101,440
13,44,101,440
15,44,101,440
5,51,101,440
7,51,101,440
9,51,101,440
11,51,101,440
13,51,101,440
15,51,101,440
5,58,101,440
7,58,101,440
9,58,101,440
11,58,101,440
13,58,101,440
15,58,101,440
5,16,101,492
7,16,101,492
9,16,101,492
11,16,101,492
13,16,101,492
15,16,101,492
5,23,101,492
7,23,101,492
9,23,101,492
11,23,101,492
13,23,101,492
15,23,101,492
5,30,101,492
7,30,101,492
9,30,101,492
11,30,101,492
13,30,101,492
15,30,101,492
5,37,101,492
7,37,101,492
9,37,101,492
11,37,101,492
13,37,101,492
15,37,101,492
5,44,101,492
7,44,101,492
9,44,101,492
11,44,101,492
13,44,101,492
15,44,101,492
5,51,101,492
7,51,101,492
9,51,101,492
11,51,101,492
13,51,101,492
15,51,101,492
5,58,101,492
7,58,101,492
9,58,101,492
11,58,101,492
13,58,101,492
15,58,101,492
5,16,114,128
7,16,114,128
9,16,114,128
11,16,114,128
13,16,114,128
15,16,114,128
5,23,114,128
7,23,114,128
9,23,114,128
11,23,114,128
13,23,114,128
15,23,114,128
5,30,114,128
7,30,114,128
9,30,114,128
11,30,114,128
13,30,114,128
15,30,114,128
5,37,114,128
7,37,114,128
9,37,114,128
11,37,114,128
13,37,114,128
15,37,114,128
5,44,114,128
7,44,114,128
9,44,114,128
11,44,114,128
13,44,114,128
15,44,114,128
5,51,114,128
7,51,114,128
9,51,114,128
11,51,114,128
13,51,114,128
15,51,114,128
5,58,114,128
7,58,114,128
9,58,114,128
11,58,114,128
13,58,114,128
15,58,114,128
5,16,114,180
7,16,114,180
9,16,114,180
11,16,114,180
13,16,114,180
15,16,114,180
5,23,114,180
7,23,114,180
9,23,114,180
11,23,114,180
13,23,114,180
15,23,114,180
5,30,114,180
7,30,114,180
9,30,114,180
11,30,114,180
13,30,114,180
15,30,114,180
5,37,114,180
7,37,114,180
9,37,114,180
11,37,114,180
13,37,114,180
15,37,114,180
5,44,114,180
7,44,114,180
9,44,114,180
11,44,114,180
13,44,114,180
15,44,114,180
5,51,114,180
7,51,114,180
9,51,114,180
11,51,114,180
13,51,114,180
15,51,114,180
5,58,114,180
7,58,114,180
9,58,114,180
11,58,114,180
13,58,114,180
15,58,114,180
5,16,114,232
7,16,114,232
9,16,114,232
11,16,114,232
13,16,114,232
15,16,114,232
5,23,114,232
7,23,114,232
9,23,114,232
11,23,114,232
13,23,114,232
15,23,114,232
5,30,114,232
7,30,114,232
9,30,114,232
11,30,114,232
13,30,114,232
15,30,114,232
5,37,114,232
7,37,114,232
9,37,114,232
11,37,114,232
13,37,114,232
15,37,114,232
5,44,114,232
7,44,114,232
9,44,114,232
11,44,114,232
13,44,114,232
15,44,114,232
5,51,114,232
7,51,114,232
9,51,114,232
11,51,114,232
13,51,114,232
15,51,114,232
5,58,114,232
7,58,114,232
9,58,114,232
11,58,114,232
13,58,114,232
15,58,114,232
5,16,114,284
7,16,114,284
9,16,114,284
11,16,114,284
13,16,114,284
15,16,114,284
5,23,114,284
7,23,114,284
9,23,114,284
11,23,114,284
13,23,114,284
15,23,114,284
5,30,114,284
7,30,114,284
9,30,114,284
11,30,114,284
13,30,114,284
15,30,114,284
5,37,114,284
7,37,114,284
9,37,114,284
11,37,114,284
13,37,114,284
15,37,114,284
5,44,114,284
7,44,114,284
9,44,114,284
11,44,114,284
13,44,114,284
15,44,114,284
5,51,114,284
7,51,114,284
9,51,114,284
11,51,114,284
13,51,114,284
15,51,114,284
5,58,114,284
7,58,114,284
9,58,114,284
11,58,114,284
13,58,114,284
15,58,114,284
5,16,114,336
7,16,114,336
9,16,114,336
11,16,114,336
13,16,114,336
15,16,114,336
5,23,114,336
7,23,114,336
9,23,114,336
11,23,114,336
13,23,114,336
15,23,114,336
5,30,114,336
7,30,114,336
9,30,114,336
11,30,114,336
13,30,114,336
15,30,114,336
5,37,114,336
7,37,114,336
9,37,114,336
11,37,114,336
13,37,114,336
15,37,114,336
5,44,114,336
7,44,114,336
9,44,114,336
11,44,114,336
13,44,114,336
15,44,114,336
5,51,114,336
7,51,114,336
9,51,114,336
11,51,114,336
13,51,114,336
15,51,114,336
5,58,114,336
7,58,114,336
9,58,114,336
11,58,114,336
13,58,114,336
15,58,114,336
5,16,114,388
7,16,114,388
9,16,114,388
11,16,114,388
13,16,114,388
15,16,114,388
5,23,114,388
7,23,114,388
9,23,114,388
11,23,114,388
13,23,114,388
15,23,114,388
5,30,114,388
7,30,114,388
9,30,114,388
11,30,114,388
13,30,114,388
15,30,114,388
5,37,114,388
7,37,114,388
9,37,114,388
11,37,114,388
13,37,114,388
15,37,114,388
5,44,114,388
7,44,114,388
9,44,114,388
11,44,114,388
13,44,114,388
15,44,114,388
5,51,114,388
7,51,114,388
9,51,114,388
11,51,114,388
13,51,114,388
15,51,114,388
5,58,114,388
7,58,114,388
9,58,114,388
11,58,114,388
13,58,114,388
15,58,114,388
5,16,114,440
7,16,114,440
9,16,114,440
11,16,114,440
13,16,114,440
15,16,114,440
5,23,114,440
7,23,114,440
9,23,114,440
11,23,114,440
13,23,114,440
15,23,114,440
5,30,114,440
7,30,114,440
9,30,114,440
11,30,114,440
13,30,114,440
15,30,114,440
5,37,114,440
7,37,114,440
9,37,114,440
11,37,114,440
13,37,114,440
15,37,114,440
5,44,114,440
7,44,114,440
9,44,114,440
11,44,114,440
13,44,114,440
15,44,114,440
5,51,114,440
7,51,114,440
9,51,114,440
11,51,114,440
13,51,114,440
15,51,114,440
5,58,114,440
7,58,114,440
9,58,114,440
11,58,114,440
13,58,114,440
15,58,114,440
5,16,114,492
7,16,114,492
9,16,114,492
11,16,114,492
13,16,114,492
15,16,114,492
5,23,114,492
7,23,114,492
9,23,114,492
11,23,114,492
13,23,114,492
15,23,114,492
5,30,114,492
7,30,114,492
9,30,114,492
11,30,114,492
13,30,114,492
15,30,114,492
5,37,114,492
7,37,114,492
9,37,114,492
11,37,114,492
13,37,114,492
15,37,114,492
5,44,114,492
7,44,114,492
9,44,114,492
11,44,114,492
13,44,114,492
15,44,114,492
5,51,114,492
7,51,114,492
9,51,114,492
11,51,114,492
13,51,114,492
15,51,114,492
5,58,114,492
7,58,114,492
9,58,114,492
11,58,114,492
13,58,114,492
15,58,114,492
