server.max-keep-alive-requests,connection.kbytes-per-second,server.max-request-size,server.max-keep-alive-idle,ExeTime
1,16,0,5,10944
1,23,0,7,10448
1,30,0,9,10537
1,37,0,11,10586
1,44,0,13,10588
1,51,0,15,10581
1,58,0,5,10677
5,16,0,7,10585
5,23,0,9,10551
5,30,0,11,10632
5,37,0,13,10672
5,44,0,15,10550
5,51,0,5,10521
5,58,0,7,10563
9,16,0,9,10558
9,23,0,11,10573
9,30,0,13,10523
9,37,0,15,10575
9,44,0,5,10457
9,51,0,7,10544
9,58,0,9,10584
13,16,0,11,10562
13,23,0,13,10578
13,30,0,15,10581
13,37,0,5,10557
13,44,0,7,10468
13,51,0,9,10680
13,58,0,11,10609
17,16,0,13,10456
17,23,0,15,10578
17,30,0,5,10498
17,37,0,7,10573
17,44,0,9,10530
17,51,0,11,10516
17,58,0,13,10565
21,16,0,15,10523
21,23,0,5,10461
21,30,0,7,10884
21,37,0,9,10657
21,44,0,11,10566
21,51,0,13,10536
21,58,0,15,10579
25,16,0,5,10534
25,23,0,7,10723
25,30,0,9,10613
25,37,0,11,10561
25,44,0,13,10596
25,51,0,15,10567
25,58,0,5,10441
29,16,0,7,10464
29,23,0,9,10590
29,30,0,11,10582
29,37,0,13,10618
29,44,0,15,10525
29,51,0,5,10540
29,58,0,7,10541
1,16,103,9,10646
1,23,103,11,10547
1,30,103,13,10536
1,37,103,15,10508
1,44,103,5,10569
1,51,103,7,10549
1,58,103,9,10526
5,16,103,11,10542
5,23,103,13,10686
5,30,103,15,10574
5,37,103,5,10563
5,44,103,7,10617
5,51,103,9,10545
5,58,103,11,10453
9,16,103,13,10539
9,23,103,15,10619
9,30,103,5,10592
9,37,103,7,10429
9,44,103,9,10742
9,51,103,11,10510
9,58,103,13,10501
13,16,103,15,10567
13,23,103,5,10561
13,30,103,7,10483
13,37,103,9,10545
13,44,103,11,10543
13,51,103,13,10573
13,58,103,15,10577
17,16,103,5,10597
17,23,103,7,10530
17,30,103,9,10494
17,37,103,11,10584
17,44,103,13,10419
17,51,103,15,10719
17,58,103,5,10707
21,16,103,7,10517
21,23,103,9,10483
21,30,103,11,10573
21,37,103,13,10647
21,44,103,15,10563
21,51,103,5,10470
21,58,103,7,10558
25,16,103,9,10443
25,23,103,11,10536
25,30,103,13,10585
25,37,103,15,10507
25,44,103,5,10561
25,51,103,7,10581
25,58,103,9,10521
29,16,103,11,10522
29,23,103,13,10616
29,30,103,15,10504
29,37,103,5,10614
29,44,103,7,10564
29,51,103,9,10506
29,58,103,11,10483
1,16,206,13,10503
1,23,206,15,10581
1,30,206,5,10586
1,37,206,7,10463
1,44,206,9,10668
1,51,206,11,10537
1,58,206,13,10582
5,16,206,15,10498
5,23,206,5,10547
5,30,206,7,10603
5,37,206,9,10470
5,44,206,11,10773
5,51,206,13,10561
5,58,206,15,10599
9,16,206,5,10607
9,23,206,7,10624
9,30,206,9,10586
9,37,206,11,14575
9,44,206,13,10540
9,51,206,15,10742
9,58,206,5,10626
13,16,206,7,10549
13,23,206,9,10535
13,30,206,11,10618
13,37,206,13,10657
13,44,206,15,10526
13,51,206,5,10558
13,58,206,7,10565
17,16,206,9,10536
17,23,206,11,10560
17,30,206,13,10546
17,37,206,15,10572
17,44,206,5,10611
17,51,206,7,10473
17,58,206,9,10595
21,16,206,11,10537
21,23,206,13,11109
21,30,206,15,10675
21,37,206,5,10536
21,44,206,7,10559
21,51,206,9,10558
21,58,206,11,10587
25,16,206,13,10475
25,23,206,15,10834
25,30,206,5,15613
25,37,206,7,10559
25,44,206,9,10599
25,51,206,11,10552
25,58,206,13,10591
29,16,206,15,10462
29,23,206,5,10623
29,30,206,7,10599
29,37,206,9,10594
29,44,206,11,10611
29,51,206,13,10597
29,58,206,15,10601
1,16,309,7,10748
1,23,309,5,10596
1,30,309,11,10612
1,37,309,9,10610
1,44,309,15,10574
1,51,309,13,10517
1,58,309,7,10625
5,16,309,5,10533
5,23,309,11,10607
5,30,309,9,10540
5,37,309,15,10533
5,44,309,13,10561
5,51,309,7,10596
5,58,309,5,10538
9,16,309,11,10631
9,23,309,9,10490
9,30,309,15,10519
9,37,309,13,10498
9,44,309,7,10551
9,51,309,5,10560
9,58,309,11,10650
13,16,309,9,10604
13,23,309,15,10518
13,30,309,13,10604
13,37,309,7,10521
13,44,309,5,10441
13,51,309,11,10604
13,58,309,9,10887
17,16,309,15,10683
17,23,309,13,10489
17,30,309,7,10450
17,37,309,5,10555
17,44,309,11,10586
17,51,309,9,10536
17,58,309,15,10587
21,16,309,13,10484
21,23,309,7,10518
21,30,309,5,10979
21,37,309,11,10775
21,44,309,9,10480
21,51,309,15,10711
21,58,309,13,10454
25,16,309,7,10601
25,23,309,5,10629
25,30,309,11,10543
25,37,309,9,10448
25,44,309,15,10575
25,51,309,13,10497
25,58,309,7,10615
29,16,309,5,10584
29,23,309,11,10574
29,30,309,9,10520
29,37,309,15,10541
29,44,309,13,10488
29,51,309,7,10497
29,58,309,5,10481
1,16,412,11,10539
1,23,412,9,10663
1,30,412,15,10592
1,37,412,13,10571
1,44,412,7,10568
1,51,412,5,10570
1,58,412,11,10650
5,16,412,9,10515
5,23,412,15,10914
5,30,412,13,10668
5,37,412,7,10538
5,44,412,5,10679
5,51,412,11,10513
5,58,412,9,10545
9,16,412,15,10523
9,23,412,13,10650
9,30,412,7,10510
9,37,412,5,10530
9,44,412,11,10604
9,51,412,9,10622
9,58,412,15,10571
13,16,412,13,10713
13,23,412,7,10538
13,30,412,5,10690
13,37,412,11,10833
13,44,412,9,10636
13,51,412,15,10523
13,58,412,13,10491
17,16,412,7,10573
17,23,412,5,10504
17,30,412,11,11076
17,37,412,9,10536
17,44,412,15,10793
17,51,412,13,10625
17,58,412,7,10586
21,16,412,5,10556
21,23,412,11,10629
21,30,412,9,10502
21,37,412,15,10681
21,44,412,13,10519
21,51,412,7,10591
21,58,412,5,10602
25,16,412,11,10621
25,23,412,9,10513
25,30,412,15,10494
25,37,412,13,10563
25,44,412,7,10875
25,51,412,5,10520
25,58,412,11,10577
29,16,412,9,10596
29,23,412,15,10536
29,30,412,13,10520
29,37,412,7,10624
29,44,412,5,10737
29,51,412,11,10535
29,58,412,9,10821
1,16,515,15,10658
1,23,515,13,10494
1,30,515,7,10566
1,37,515,5,10521
1,44,515,11,10735
1,51,515,9,10494
1,58,515,15,10580
5,16,515,13,10558
5,23,515,7,10614
5,30,515,5,10541
5,37,515,11,10645
5,44,515,9,10488
5,51,515,15,10564
5,58,515,13,10552
9,16,515,7,10545
9,23,515,5,10565
9,30,515,11,10632
9,37,515,9,10570
9,44,515,15,10509
9,51,515,13,10598
9,58,515,7,10505
13,16,515,5,10572
13,23,515,11,10643
13,30,515,9,10522
13,37,515,15,14693
13,44,515,13,10520
13,51,515,7,11389
13,58,515,5,10595
17,16,515,11,10534
17,23,515,9,10564
17,30,515,15,10656
17,37,515,13,10602
17,44,515,7,10638
17,51,515,5,10511
17,58,515,11,10507
21,16,515,9,10574
21,23,515,15,10482
21,30,515,13,10565
21,37,515,7,10811
21,44,515,5,10590
21,51,515,11,10496
21,58,515,9,10582
25,16,515,15,10596
25,23,515,13,10562
25,30,515,7,10632
25,37,515,5,10568
25,44,515,11,10668
25,51,515,9,10493
25,58,515,15,10551
29,16,515,13,10485
29,23,515,7,10460
29,30,515,5,10627
29,37,515,11,10574
29,44,515,9,10625
29,51,515,15,10487
29,58,515,13,10547
1,16,618,5,10551
1,23,618,7,10535
1,30,618,9,10560
1,37,618,11,10554
1,44,618,13,10613
1,51,618,15,10512
1,58,618,5,10546
5,16,618,7,10484
5,23,618,9,10653
5,30,618,11,10560
5,37,618,13,10705
5,44,618,15,10560
5,51,618,5,10681
5,58,618,7,10643
9,16,618,9,10511
9,23,618,11,10591
9,30,618,13,10456
9,37,618,15,10596
9,44,618,5,10594
9,51,618,7,10664
9,58,618,9,10564
13,16,618,11,10611
13,23,618,13,10462
13,30,618,15,14593
13,37,618,5,10481
13,44,618,7,10556
13,51,618,9,10651
13,58,618,11,10538
17,16,618,13,10548
17,23,618,15,11167
17,30,618,5,10679
17,37,618,7,10506
17,44,618,9,10510
17,51,618,11,10563
17,58,618,13,10456
21,16,618,15,10494
21,23,618,5,10500
21,30,618,7,10594
21,37,618,9,10688
21,44,618,11,10469
21,51,618,13,10704
21,58,618,15,10704
25,16,618,5,10514
25,23,618,7,10546
25,30,618,9,10593
25,37,618,11,10619
25,44,618,13,10674
25,51,618,15,10525
25,58,618,5,10490
29,16,618,5,10583
29,23,618,7,10557
29,30,618,9,10557
29,37,618,11,10553
29,44,618,13,10512
29,51,618,15,10437
29,58,618,13,10671
1,16,721,5,10697
1,23,721,7,10540
1,30,721,9,10578
1,37,721,11,10583
1,44,721,13,10660
1,51,721,15,10546
1,58,721,5,10719
5,16,721,7,10557
5,23,721,9,10538
5,30,721,11,10510
5,37,721,13,10502
5,44,721,15,10617
5,51,721,5,10500
5,58,721,7,10612
9,16,721,9,10765
9,23,721,11,10522
9,30,721,13,10534
9,37,721,15,10552
9,44,721,5,10567
9,51,721,7,10803
9,58,721,9,10588
13,16,721,11,10543
13,23,721,13,10578
13,30,721,15,10472
13,37,721,5,10643
13,44,721,7,10557
13,51,721,9,10513
13,58,721,11,10465
17,16,721,13,10588
17,23,721,15,10566
17,30,721,5,10420
17,37,721,7,10575
17,44,721,9,10506
17,51,721,11,10568
17,58,721,13,10656
21,16,721,15,10477
21,23,721,5,10634
21,30,721,7,10753
21,37,721,9,10579
21,44,721,11,10580
21,51,721,13,10495
21,58,721,15,10633
25,16,721,5,10543
25,23,721,7,10503
25,30,721,9,10507
25,37,721,11,10569
25,44,721,13,10637
25,51,721,15,10681
25,58,721,7,10610
29,16,721,5,10563
29,23,721,7,10704
29,30,721,9,10523
29,37,721,11,10608
29,44,721,13,10563
29,51,721,15,10530
29,58,721,15,10456
1,16,824,5,10581
1,23,824,7,10613
1,30,824,9,10627
1,37,824,11,10606
1,44,824,13,10583
1,51,824,15,10488
1,58,824,5,10587
5,16,824,7,10566
5,23,824,9,10538
5,30,824,11,10555
5,37,824,13,10606
5,44,824,15,10494
5,51,824,5,10480
5,58,824,7,10609
9,16,824,9,10697
9,23,824,11,10576
9,30,824,13,10542
9,37,824,15,10456
9,44,824,5,10627
9,51,824,7,10525
9,58,824,9,10540
13,16,824,11,10561
13,23,824,13,10482
13,30,824,15,10555
13,37,824,5,10512
13,44,824,7,10493
13,51,824,9,10588
13,58,824,11,10575
17,16,824,13,10477
17,23,824,15,10705
17,30,824,5,10672
17,37,824,7,10630
17,44,824,9,10615
17,51,824,11,10589
17,58,824,13,10595
21,16,824,15,10630
21,23,824,5,10672
21,30,824,7,10446
21,37,824,9,10547
21,44,824,11,10450
21,51,824,13,10672
21,58,824,15,10556
25,16,824,5,10643
25,23,824,7,10518
25,30,824,9,10607
25,37,824,11,10504
25,44,824,13,10516
25,51,824,15,10575
25,58,824,15,10592
29,16,824,5,10545
29,23,824,7,10478
29,30,824,9,10550
29,37,824,11,10540
29,44,824,13,10635
29,51,824,15,10559
29,58,824,15,10581
1,16,927,5,10647
1,23,927,7,10525
1,30,927,9,10694
1,37,927,11,10516
1,44,927,13,10631
1,51,927,15,10450
1,58,927,5,10607
5,16,927,7,10500
5,23,927,9,10576
5,30,927,11,10644
5,37,927,13,10558
5,44,927,15,10578
5,51,927,5,10507
5,58,927,7,10573
9,16,927,9,10565
9,23,927,11,10670
9,30,927,13,10593
9,37,927,15,10561
9,44,927,5,10667
9,51,927,7,10591
9,58,927,9,10561
13,16,927,11,10478
13,23,927,13,10539
13,30,927,15,10596
13,37,927,5,10438
13,44,927,7,10523
13,51,927,9,10707
13,58,927,11,10497
17,16,927,13,10681
17,23,927,15,10577
17,30,927,5,10614
17,37,927,7,10709
17,44,927,9,14556
17,51,927,11,10597
17,58,927,13,10476
21,16,927,15,10483
21,23,927,5,10578
21,30,927,7,10624
21,37,927,9,10565
21,44,927,11,10548
21,51,927,13,11266
21,58,927,15,10575
25,16,927,5,10591
25,23,927,7,10623
25,30,927,9,10470
25,37,927,11,10539
25,44,927,13,10568
25,51,927,15,10492
25,58,927,15,10806
29,16,927,5,10508
29,23,927,7,10696
29,30,927,9,10861
29,37,927,11,10521
29,44,927,13,10462
29,51,927,15,10658
29,58,927,11,3614
